pregraspback: [0.29496, 0.5475, -3.1595, 0.14564, 2.9234]

zeroposition: [2.9496, 1.13446, -2.54818, 1.78896, 2.92345]

pregraspfront: [2.9496, 1.53785, -1.17518, 3.15417, 2.9234]

